Backbone = [12, 20, 21, 27, 30, 32, 34, 39, 45, 47, 47, 48, 52, 56, 64, 69, 72, 76, 79, 84, 86, 86, 89, 91, 92, 110, 123, 127, 138, 139, 144, 147, 148, 148, 148, 150, 153, 153, 153, 159, 159, 161, 161, 162, 163, 163, 164, 166, 166, 166, 168, 170, 171, 172, 175, 176, 177, 178, 179, 180, 180, 181, 181, 182, 183, 183, 183, 183, 183, 183, 183, 183, 183, 183, 183, 183, 183, 183, 183, 183, 184, 184, 185, 185, 185, 185, 185, 186, 186, 186, 186, 186, 186, 186, 186, 187, 187, 187, 187, 187, 188, 188, 188, 188, 188, 188, 188, 189, 189, 189, 190]
Homebrew = [7, 10, 18, 28, 37, 42, 44, 46, 48, 48, 50, 53, 54, 54, 56, 58, 59, 61, 62, 63, 64, 65, 66, 67, 69, 71, 72, 77, 80, 80, 80, 82, 85, 88, 88, 90, 92, 93, 93, 94, 96, 98, 98, 98, 101, 102, 102, 105, 106, 111, 114, 114, 114, 114, 118, 121, 122, 171, 204, 251, 271, 292, 316, 337, 364, 388, 394, 409, 428, 439, 456, 476, 493, 513, 529, 560, 594, 617, 639, 655, 673, 733, 757, 768]
Chart.js = [1, 3, 4, 4, 4, 4, 4, 4, 4, 5, 5, 5, 5, 5, 6, 11, 20, 28, 34, 39, 45, 54, 61, 66, 69, 70, 84, 99, 108, 113, 117, 140, 163, 189, 216, 245, 305, 358, 401, 435, 474, 504, 524, 554, 569, 588, 616, 637, 658, 683, 713, 743, 775, 790, 804, 818, 827, 846, 861, 876, 887, 897, 907, 913, 927, 930, 936, 942, 953, 960, 969, 986, 999, 1010, 1022, 1046, 1063, 1075, 1098, 1113, 1130, 1160, 1176, 1196, 1210, 1242, 1277, 1300, 1313, 1334, 1361, 1401, 1429, 1449, 1484, 1529, 1566, 1603, 1630, 1673, 1701, 1727, 1744, 1771, 1787, 1800, 1813, 1826, 1841, 1857, 1869, 1886, 1909, 1928, 1949, 1986, 2010, 2036, 2052, 2069]
Pytorch = [1, 3, 6, 10, 13, 19, 24, 29, 31, 34, 35, 39, 42, 43, 46, 49, 52, 54, 62, 65, 65, 66, 73, 76, 87, 91, 103, 115, 124, 139, 156, 169, 189, 208, 228, 251, 267, 279, 293, 315, 324, 334, 355, 373, 386, 459, 477, 493, 506, 519, 534, 560, 570, 586, 610, 621, 633, 647, 661, 684, 700, 712, 732, 755, 789, 811, 825, 838, 859, 886, 909, 960, 1027, 1098, 1153, 1196, 1234, 1266]
Redis = [21, 27, 33, 37, 46, 49, 53, 56, 60, 61, 62, 65, 67, 70, 71, 75, 75, 77, 77, 79, 79, 80, 80, 80, 80, 80, 81, 82, 82, 82, 82, 82, 82, 82, 82, 82, 82, 83, 84, 86, 87, 88, 89, 89, 91, 93, 93, 94, 94, 95, 97, 104, 105, 105, 106, 107, 110, 112, 112, 113, 113, 119, 122, 125, 126, 127, 127, 128, 129, 129, 132, 134, 135, 136, 136, 136, 136, 136, 136, 136, 136, 136, 137, 137, 137, 137, 137, 138, 138, 138, 138, 138, 138, 138, 139, 141, 141, 142, 143, 143, 143, 143, 144, 146, 146, 146, 146, 146, 146, 146, 146, 148, 148, 148, 148, 148, 148, 148, 148, 150]
Wox = [2, 10, 11, 12, 12, 13, 16, 17, 19, 19, 20, 22, 26, 27, 29, 31, 33, 34, 37, 37, 37, 50, 58, 66, 69, 81, 90, 120, 130, 137, 144, 148, 154, 157, 157, 161, 166, 176, 181, 185, 190, 191, 192, 193, 193, 195, 199, 208, 209, 209, 209, 209, 209, 209, 211, 211, 211, 211, 212, 212, 213, 215, 215, 216, 216, 216, 216, 216, 217, 217, 217, 217, 217, 217, 224, 258, 269, 275, 287, 295, 308, 313, 314, 320, 328, 329, 330, 332, 334, 340, 344, 348, 350, 353, 353, 354, 354, 354, 355, 356, 359, 362, 362, 362, 362, 365, 367, 368, 368, 371]
CSS1 = [1,2,4,5,13,22,28,35,39,42,42,46,47,47,49,51,54]
CSS2 = [2,13,15,18,22,23,24,26,30,30,34,35,38,38]
CSS3 = [13,18,26,34,40,48,61,75,84,89,95,100,104,110,112,114,117,118,120]
CSS4 = [0,1,2,3,3,4,5,6,6,7,7,8,9,9]
CSS5 = [3,19,28,31,33,33,35,36,37,39,48,51,53,54,56,63,66,66,66,66]
CSS6 = [0,0,0,0,0,2,5,5,5,7,7,10,29,37,42,42,42,44,45,47,49,49,49,49,50,50,52,52,52]
